3754
7138
6687
4029
6538
9830
6816
8505
5103
6078
724
2250
7475
8299
9198
9470
7892
2430
9231
4785
9885
8664
640
2091
5592
5682
5326
7362
3862
1378
3278
7909
2759
7741
1249
7797
7272
9120
8785
2454
9384
442
2304
5378
6643
1025
2189
4186
9737
9964
3992
5505
5665
3483
9235
3851
2937
9813
3572
6099
3958
9005
8425
5468
5702
694
7858
7790
5786
2190
2085
9960
4459
1951
7145
4423
3312
3327
9444
8099
2130
7508
6182
4296
1764
849
4550
8964
5756
688
8830
1856
7150
7692
2687
9756
2924
3088
1412
2369
5839
3397
4910
6829
3916
3193
692
9739
4201
1101
9522
8217
6225
3421
6778
1399
4500
1175
2009
5718
2416
449
5836
4344
2993
7024
5869
7826
6144
8932
6667
1214
9980
2327
7160
7405
9780
5093
4935
6688
4177
6348
95
3708
7438
8795
2483
1002
4291
3649
7485
6896
6568
2488
5909
4419
6302
3785
5490
236
2114
9574
1285
9510
9157
6455
8889
711
6199
1139
2204
3047
1238
9938
8114
7653
9465
2181
5588
7046
5647
458
9715
4852
6560
7945
1179
3749
6426
4179
1529
3321
2408
8745
1860
5320
1955
1439
7931
6058
1055
5707
3130
6281
2303
3393
2364
3559
9279
5501
3358
1308
2458
71
8086
8037
1385
8765
2013
3217
5118
6090
8866
5272
4533
507
5629
2850
1508
2033
6997
267
1789
3362
5910
593
6304
4430
6448
750
4457
3124
7599
8710
6925
1748
5255
2176
7450
4543
7492
4182
8573
2038
7029
3323
215
7305
6610
6000
5938
1103
6723
4678
6922
6526
6208
1162
1964
7630
7200
1492
7482
8121
9186
3596
3549
2158
7154
9436
7332
2520
2774
1798
9726
9355
540
1518
3982
972
9947
6318
8969
8115
8173
6137
7755
9261
9882
4315
9660
7751
706
3191
2974
8227
5608
8056
3004
8002
6068
7266
5055
4400
6131
7365
9589
6093
8650
3022
4469
9659
6313
7432
831
4797
4047
2545
7532
1523
9598
6339
3356
3980
2739
9582
3115
8199
8540
9104
9692
7802
4811
3678
1743
3626
5485
5183
1391
5488
2286
3645
4384
4694
684
1166
5143
874
5466
4
6506
776
5877
6946
2868
5705
7425
4608
8764
2790
4991
1884
4004
6451
5107
8575
6913
153
3157
9627
2248
8982
9577
9714
3578
9931
5087
5254
9490
9302
31
3675
3811
8366
7018
5101
6126
9930
6856
5027
3228
346
8891
2656
3378
5706
4124
7970
9145
8453
719
8602
6907
1062
7285
5655
2734
8633
563
9810
7469
2547
660
8175
937
2886
6653
5329
8924
4900
7894
1152
8256
8727
5571
6239
4867
2912
5167
6954
9479
8968
1265
9192
4175
9245
1295
6082
3233
2352
3712
4936
678
1470
9287
8108
5570
9327
8330
5309
164
5160
3629
7704
2807
8621
7723
9001
5904
5441
6815
2404
591
9622
8936
517
3814
7237
8899
800
4742
1343
9257
4610
9171
883
9201
6235
1443
7280
3200
8150
2609
2600
5575
6095
9977
6601
9238
3344
